0.999983 0.004423 0.003679 -0.201507 
-0.004434 0.999986 0.002865 0.122954 
-0.003666 -0.002881 0.999989 0.291418 
0.000000 0.000000 0.000000 1.000000 
0.999985 0.004150 0.003602 -0.187058 
-0.004161 0.999987 0.002787 0.147319 
-0.003590 -0.002802 0.999990 0.307706 
0.000000 0.000000 0.000000 1.000000 
0.999986 0.003851 0.003515 -0.188306 
-0.003859 0.999990 0.002256 0.170703 
-0.003506 -0.002270 0.999991 0.303596 
0.000000 0.000000 0.000000 1.000000 
0.999986 0.003775 0.003674 -0.203795 
-0.003784 0.999990 0.002336 0.102429 
-0.003665 -0.002350 0.999991 0.293619 
0.000000 0.000000 0.000000 1.000000 
0.999985 0.003982 0.003847 -0.243742 
-0.003992 0.999989 0.002559 0.087226 
-0.003837 -0.002574 0.999989 0.317450 
0.000000 0.000000 0.000000 1.000000 
0.999986 0.003732 0.003684 -0.206470 
-0.003742 0.999990 0.002559 0.084463 
-0.003675 -0.002573 0.999990 0.293739 
0.000000 0.000000 0.000000 1.000000 
0.999987 0.003745 0.003430 -0.198438 
-0.003755 0.999989 0.002897 0.083391 
-0.003419 -0.002910 0.999990 0.280154 
0.000000 0.000000 0.000000 1.000000 
0.999987 0.003574 0.003742 -0.222309 
-0.003583 0.999990 0.002559 0.097735 
-0.003732 -0.002572 0.999990 0.298189 
0.000000 0.000000 0.000000 1.000000 
0.999987 0.003590 0.003643 -0.220757 
-0.003599 0.999991 0.002316 0.115779 
-0.003634 -0.002329 0.999991 0.283002 
0.000000 0.000000 0.000000 1.000000 
0.999988 0.003550 0.003430 -0.221545 
-0.003556 0.999992 0.001590 0.155488 
-0.003424 -0.001602 0.999993 0.236032 
0.000000 0.000000 0.000000 1.000000 
0.999988 0.003408 0.003430 -0.201426 
-0.003415 0.999992 0.001964 0.099097 
-0.003423 -0.001975 0.999992 0.267408 
0.000000 0.000000 0.000000 1.000000 
0.999988 0.003530 0.003355 -0.213064 
-0.003539 0.999991 0.002483 0.060049 
-0.003346 -0.002495 0.999991 0.292234 
0.000000 0.000000 0.000000 1.000000 
0.999989 0.003478 0.003238 -0.206739 
-0.003485 0.999992 0.001900 0.153649 
-0.003231 -0.001911 0.999993 0.219877 
0.000000 0.000000 0.000000 1.000000 
0.999990 0.003193 0.003018 -0.171841 
-0.003200 0.999992 0.002313 0.098938 
-0.003010 -0.002322 0.999993 0.235657 
0.000000 0.000000 0.000000 1.000000 
0.999989 0.003439 0.003099 -0.197820 
-0.003444 0.999993 0.001518 0.212101 
-0.003093 -0.001528 0.999994 0.163710 
0.000000 0.000000 0.000000 1.000000 
0.999990 0.003364 0.003059 -0.181993 
-0.003369 0.999993 0.001667 0.138731 
-0.003054 -0.001678 0.999994 0.154005 
0.000000 0.000000 0.000000 1.000000 
0.999989 0.003494 0.003162 -0.178685 
-0.003501 0.999992 0.001997 0.094175 
-0.003155 -0.002008 0.999993 0.200168 
0.000000 0.000000 0.000000 1.000000 
0.999990 0.003193 0.003192 -0.171311 
-0.003199 0.999993 0.001962 0.128896 
-0.003185 -0.001972 0.999993 0.216093 
0.000000 0.000000 0.000000 1.000000 
0.999990 0.003193 0.003158 -0.182709 
-0.003198 0.999994 0.001653 0.154110 
-0.003153 -0.001663 0.999994 0.192337 
0.000000 0.000000 0.000000 1.000000 
0.999990 0.003098 0.003102 -0.179487 
-0.003103 0.999994 0.001462 0.133865 
-0.003097 -0.001471 0.999994 0.171049 
0.000000 0.000000 0.000000 1.000000 
0.999991 0.003193 0.002943 -0.170644 
-0.003199 0.999993 0.001988 0.100027 
-0.002937 -0.001998 0.999994 0.195962 
0.000000 0.000000 0.000000 1.000000 
0.999991 0.003132 0.002952 -0.170168 
-0.003136 0.999994 0.001518 0.170716 
-0.002947 -0.001527 0.999994 0.155007 
0.000000 0.000000 0.000000 1.000000 
0.999991 0.003193 0.002883 -0.187847 
-0.003198 0.999994 0.001518 0.184833 
-0.002878 -0.001527 0.999995 0.148284 
0.000000 0.000000 0.000000 1.000000 
0.999992 0.002934 0.002829 -0.160424 
-0.002938 0.999995 0.001518 0.166139 
-0.002824 -0.001526 0.999995 0.146623 
0.000000 0.000000 0.000000 1.000000 
0.999993 0.002643 0.002564 -0.123051 
-0.002647 0.999995 0.001518 0.123948 
-0.002560 -0.001525 0.999996 0.125131 
0.000000 0.000000 0.000000 1.000000 
0.999994 0.002630 0.002451 -0.152463 
-0.002633 0.999996 0.001022 0.208930 
-0.002448 -0.001028 0.999996 0.122761 
0.000000 0.000000 0.000000 1.000000 
0.999993 0.002830 0.002557 -0.171998 
-0.002828 0.999996 -0.000885 0.343479 
-0.002560 0.000877 0.999996 0.155918 
0.000000 0.000000 0.000000 1.000000 
0.999993 0.003193 0.002159 -0.161142 
-0.003190 0.999994 -0.001269 0.357263 
-0.002163 0.001262 0.999997 0.087508 
0.000000 0.000000 0.000000 1.000000 
0.999994 0.002693 0.002192 -0.130078 
-0.002691 0.999996 -0.001024 0.354856 
-0.002195 0.001018 0.999997 0.152259 
0.000000 0.000000 0.000000 1.000000 
0.999994 0.002724 0.002297 -0.143607 
-0.002722 0.999996 -0.000941 0.338146 
-0.002299 0.000935 0.999997 0.163164 
0.000000 0.000000 0.000000 1.000000 
0.999994 0.002751 0.002100 -0.136206 
-0.002751 0.999996 0.000085 0.200473 
-0.002100 -0.000091 0.999998 0.222621 
0.000000 0.000000 0.000000 1.000000 
0.999994 0.002598 0.002078 -0.137829 
-0.002596 0.999996 -0.000955 0.328606 
-0.002080 0.000950 0.999997 0.130172 
0.000000 0.000000 0.000000 1.000000 
0.999996 0.002320 0.001853 -0.102227 
-0.002318 0.999997 -0.000811 0.302510 
-0.001854 0.000806 0.999998 0.117491 
0.000000 0.000000 0.000000 1.000000 
0.999995 0.002380 0.001797 -0.115889 
-0.002379 0.999997 -0.000831 0.309965 
-0.001799 0.000827 0.999998 0.117313 
0.000000 0.000000 0.000000 1.000000 
0.999996 0.002320 0.001855 -0.118919 
-0.002318 0.999997 -0.000955 0.285155 
-0.001857 0.000951 0.999998 0.125641 
0.000000 0.000000 0.000000 1.000000 
0.999996 0.002246 0.001797 -0.100443 
-0.002246 0.999997 -0.000490 0.239953 
-0.001798 0.000486 0.999998 0.146894 
0.000000 0.000000 0.000000 1.000000 
0.999996 0.002320 0.001797 -0.125802 
-0.002319 0.999997 -0.000477 0.284066 
-0.001798 0.000473 0.999998 0.144021 
0.000000 0.000000 0.000000 1.000000 
0.999997 0.002042 0.001714 -0.097759 
-0.002041 0.999998 -0.000697 0.284941 
-0.001716 0.000694 0.999998 0.116353 
0.000000 0.000000 0.000000 1.000000 
0.999997 0.002004 0.001605 -0.099047 
-0.002003 0.999998 -0.000803 0.259620 
-0.001606 0.000800 0.999998 0.091809 
0.000000 0.000000 0.000000 1.000000 
0.999997 0.002037 0.001605 -0.100519 
-0.002036 0.999997 -0.000955 0.262732 
-0.001606 0.000952 0.999998 0.078580 
0.000000 0.000000 0.000000 1.000000 
0.999997 0.001907 0.001655 -0.095010 
-0.001906 0.999998 -0.000498 0.225842 
-0.001656 0.000495 0.999999 0.116614 
0.000000 0.000000 0.000000 1.000000 
0.999997 0.001799 0.001424 -0.074783 
-0.001797 0.999998 -0.001187 0.284013 
-0.001426 0.001185 0.999998 0.044444 
0.000000 0.000000 0.000000 1.000000 
0.999998 0.001577 0.000831 -0.014391 
-0.001576 0.999997 -0.001615 0.333976 
-0.000833 0.001614 0.999998 -0.051535 
0.000000 0.000000 0.000000 1.000000 
0.999998 0.001553 0.001194 -0.035229 
-0.001550 0.999997 -0.002023 0.348328 
-0.001197 0.002021 0.999997 -0.021188 
0.000000 0.000000 0.000000 1.000000 
0.999998 0.001907 0.000904 -0.037155 
-0.001906 0.999997 -0.001613 0.321834 
-0.000907 0.001611 0.999998 -0.013023 
0.000000 0.000000 0.000000 1.000000 
0.999998 0.001907 0.000972 -0.029447 
-0.001907 0.999998 -0.000185 0.174454 
-0.000972 0.000183 1.000000 0.084484 
0.000000 0.000000 0.000000 1.000000 
0.999998 0.001638 0.000904 -0.020228 
-0.001637 0.999999 -0.000613 0.240518 
-0.000905 0.000612 0.999999 0.021757 
0.000000 0.000000 0.000000 1.000000 
0.999999 0.001477 0.000904 -0.011490 
-0.001476 0.999998 -0.000986 0.278993 
-0.000906 0.000985 0.999999 -0.002159 
0.000000 0.000000 0.000000 1.000000 
0.999999 0.001477 0.000822 -0.010008 
-0.001476 0.999999 -0.000943 0.225261 
-0.000823 0.000942 0.999999 -0.036202 
0.000000 0.000000 0.000000 1.000000 
0.999999 0.001425 0.000786 -0.010423 
-0.001424 0.999999 -0.000679 0.212041 
-0.000787 0.000678 0.999999 -0.012953 
0.000000 0.000000 0.000000 1.000000 
0.999999 0.001338 0.000851 -0.012454 
-0.001338 0.999999 -0.000439 0.196268 
-0.000852 0.000438 0.999999 0.014746 
0.000000 0.000000 0.000000 1.000000 
0.999999 0.001176 0.000635 0.003126 
-0.001175 0.999999 -0.000483 0.227085 
-0.000636 0.000482 1.000000 -0.025554 
0.000000 0.000000 0.000000 1.000000 
0.999999 0.001152 0.000709 -0.008297 
-0.001152 0.999999 -0.000770 0.227682 
-0.000710 0.000769 1.000000 -0.044507 
0.000000 0.000000 0.000000 1.000000 
0.999999 0.001171 0.000669 0.000805 
-0.001171 0.999999 -0.000680 0.202964 
-0.000670 0.000679 1.000000 -0.045071 
0.000000 0.000000 0.000000 1.000000 
0.999999 0.001260 0.000610 -0.002282 
-0.001259 0.999999 -0.000185 0.168717 
-0.000611 0.000184 1.000000 -0.016400 
0.000000 0.000000 0.000000 1.000000 
0.999999 0.001142 0.000585 0.000513 
-0.001142 0.999999 -0.000372 0.172588 
-0.000585 0.000371 1.000000 -0.025920 
0.000000 0.000000 0.000000 1.000000 
0.999999 0.001315 0.000596 -0.018787 
-0.001315 0.999999 -0.000613 0.240943 
-0.000597 0.000612 1.000000 -0.046222 
0.000000 0.000000 0.000000 1.000000 
0.999999 0.001286 0.000596 -0.027858 
-0.001285 0.999999 -0.001029 0.297508 
-0.000598 0.001028 0.999999 -0.064666 
0.000000 0.000000 0.000000 1.000000 
0.999999 0.001106 0.000596 -0.007370 
-0.001106 0.999999 -0.000831 0.187252 
-0.000597 0.000831 0.999999 -0.065588 
0.000000 0.000000 0.000000 1.000000 
0.999999 0.001210 0.000268 0.022166 
-0.001210 0.999999 -0.000401 0.167086 
-0.000268 0.000400 1.000000 -0.059399 
0.000000 0.000000 0.000000 1.000000 
0.999999 0.001251 0.000406 -0.003479 
-0.001251 0.999999 -0.000170 0.217733 
-0.000406 0.000169 1.000000 -0.025358 
0.000000 0.000000 0.000000 1.000000 
0.999999 0.001174 0.000268 0.009427 
-0.001174 0.999999 -0.000570 0.234492 
-0.000269 0.000570 1.000000 -0.056006 
0.000000 0.000000 0.000000 1.000000 
0.999999 0.001178 0.000268 0.013218 
-0.001178 0.999999 -0.000784 0.230680 
-0.000269 0.000784 1.000000 -0.087878 
0.000000 0.000000 0.000000 1.000000 
0.999999 0.001250 0.000595 -0.011641 
-0.001250 0.999999 -0.000789 0.238154 
-0.000596 0.000789 1.000000 -0.061972 
0.000000 0.000000 0.000000 1.000000 
0.999999 0.001314 0.000338 0.008280 
-0.001314 0.999999 -0.000227 0.173826 
-0.000339 0.000226 1.000000 -0.037021 
0.000000 0.000000 0.000000 1.000000 
0.999999 0.001373 0.000800 -0.023714 
-0.001372 0.999999 -0.001029 0.317891 
-0.000802 0.001028 0.999999 -0.074054 
0.000000 0.000000 0.000000 1.000000 
0.999998 0.001366 0.001216 -0.066680 
-0.001365 0.999999 -0.000810 0.262568 
-0.001217 0.000808 0.999999 -0.011647 
0.000000 0.000000 0.000000 1.000000 
0.999999 0.001477 0.000800 -0.032901 
-0.001476 0.999999 -0.000491 0.206140 
-0.000801 0.000490 1.000000 -0.015385 
0.000000 0.000000 0.000000 1.000000 
0.999998 0.001528 0.000822 -0.039216 
-0.001528 0.999999 -0.000361 0.246170 
-0.000823 0.000360 1.000000 -0.001770 
0.000000 0.000000 0.000000 1.000000 
0.999999 0.001477 0.000794 -0.055507 
-0.001476 0.999999 -0.000149 0.255374 
-0.000795 0.000148 1.000000 0.002288 
0.000000 0.000000 0.000000 1.000000 
0.999999 0.001295 0.000944 -0.051582 
-0.001294 0.999999 -0.000698 0.256926 
-0.000944 0.000697 0.999999 0.014055 
0.000000 0.000000 0.000000 1.000000 
0.999998 0.001307 0.001667 -0.072524 
-0.001304 0.999998 -0.001754 0.390444 
-0.001669 0.001752 0.999997 0.158274 
0.000000 0.000000 0.000000 1.000000 
0.999999 0.001151 0.001304 -0.058508 
-0.001148 0.999996 -0.002415 0.351196 
-0.001307 0.002414 0.999996 0.078310 
0.000000 0.000000 0.000000 1.000000 
0.999998 0.001230 0.001704 -0.075921 
-0.001228 0.999998 -0.001222 0.318890 
-0.001706 0.001220 0.999998 0.287860 
0.000000 0.000000 0.000000 1.000000 
0.999999 0.001265 0.001116 -0.053232 
-0.001264 0.999999 -0.001177 0.235041 
-0.001117 0.001176 0.999999 0.145626 
0.000000 0.000000 0.000000 1.000000 
0.999999 0.001024 0.000740 -0.027563 
-0.001023 0.999999 -0.001158 0.188491 
-0.000742 0.001158 0.999999 0.114269 
0.000000 0.000000 0.000000 1.000000 
0.999999 0.000922 0.000560 -0.004388 
-0.000921 0.999999 -0.001098 0.224683 
-0.000561 0.001098 0.999999 0.112837 
0.000000 0.000000 0.000000 1.000000 
1.000000 0.000720 0.000560 0.001724 
-0.000720 0.999999 -0.000841 0.229993 
-0.000560 0.000841 0.999999 0.134676 
0.000000 0.000000 0.000000 1.000000 
1.000000 0.000740 0.000451 0.003296 
-0.000739 0.999999 -0.001167 0.252296 
-0.000452 0.001166 0.999999 0.086248 
0.000000 0.000000 0.000000 1.000000 
1.000000 0.000741 0.000367 0.008337 
-0.000740 0.999999 -0.000663 0.221246 
-0.000367 0.000663 1.000000 0.100993 
0.000000 0.000000 0.000000 1.000000 
1.000000 0.000661 0.000405 -0.002565 
-0.000661 0.999999 -0.000770 0.191762 
-0.000406 0.000770 1.000000 0.075389 
0.000000 0.000000 0.000000 1.000000 
1.000000 0.000758 0.000405 -0.011216 
-0.000758 0.999999 -0.001130 0.228833 
-0.000406 0.001130 0.999999 0.043441 
0.000000 0.000000 0.000000 1.000000 
1.000000 0.000675 0.000337 -0.001407 
-0.000675 1.000000 -0.000186 0.158224 
-0.000337 0.000186 1.000000 0.110733 
0.000000 0.000000 0.000000 1.000000 
1.000000 0.000668 0.000163 0.016575 
-0.000668 1.000000 -0.000333 0.199750 
-0.000163 0.000333 1.000000 0.080376 
0.000000 0.000000 0.000000 1.000000 
1.000000 0.000471 0.000413 -0.005092 
-0.000471 1.000000 -0.000318 0.172419 
-0.000413 0.000318 1.000000 0.103223 
0.000000 0.000000 0.000000 1.000000 
1.000000 0.000794 0.000270 -0.011005 
-0.000793 0.999998 -0.001657 0.299817 
-0.000271 0.001657 0.999998 0.022581 
0.000000 0.000000 0.000000 1.000000 
0.999999 0.001160 0.000549 -0.060616 
-0.001159 0.999998 -0.001578 0.258443 
-0.000551 0.001578 0.999999 -0.036213 
0.000000 0.000000 0.000000 1.000000 
1.000000 0.000820 0.000437 -0.042001 
-0.000819 0.999999 -0.000897 0.242493 
-0.000438 0.000896 0.999999 -0.043871 
0.000000 0.000000 0.000000 1.000000 
1.000000 0.000329 0.000271 -0.019420 
-0.000329 1.000000 -0.000635 0.207518 
-0.000271 0.000635 1.000000 -0.029143 
0.000000 0.000000 0.000000 1.000000 
1.000000 0.000076 0.000437 -0.032378 
-0.000076 0.999999 -0.001366 0.287419 
-0.000437 0.001365 0.999999 -0.049537 
0.000000 0.000000 0.000000 1.000000 
1.000000 0.000076 0.000047 -0.009059 
-0.000076 1.000000 0.000003 0.007333 
-0.000047 -0.000003 1.000000 0.008719 
0.000000 0.000000 0.000000 1.000000 
1.000000 -0.000080 0.000153 -0.018534 
0.000080 1.000000 -0.000189 0.116549 
-0.000153 0.000189 1.000000 0.002163 
0.000000 0.000000 0.000000 1.000000 
1.000000 -0.000361 0.000210 0.001783 
0.000361 1.000000 -0.000742 0.134354 
-0.000210 0.000742 1.000000 -0.041452 
0.000000 0.000000 0.000000 1.000000 
1.000000 -0.000043 0.000286 -0.032655 
0.000043 1.000000 0.000030 0.026440 
-0.000286 -0.000030 1.000000 0.020584 
0.000000 0.000000 0.000000 1.000000 
1.000000 -0.000052 0.000193 -0.027220 
0.000052 1.000000 0.000512 0.062250 
-0.000193 -0.000512 1.000000 0.048242 
0.000000 0.000000 0.000000 1.000000 
1.000000 -0.000345 -0.000244 0.018360 
0.000345 1.000000 0.000097 0.082171 
0.000244 -0.000097 1.000000 -0.011600 
0.000000 0.000000 0.000000 1.000000 
1.000000 -0.000512 -0.000010 -0.001256 
0.000512 1.000000 -0.000181 0.076718 
0.000010 0.000181 1.000000 -0.033223 
0.000000 0.000000 0.000000 1.000000 
1.000000 -0.000232 0.000091 -0.019062 
0.000232 1.000000 0.000278 0.030358 
-0.000092 -0.000278 1.000000 0.013807 
0.000000 0.000000 0.000000 1.000000 
1.000000 -0.000264 -0.000201 -0.001647 
0.000264 1.000000 0.000312 0.073153 
0.000201 -0.000312 1.000000 -0.013390 
0.000000 0.000000 0.000000 1.000000 
1.000000 -0.000423 -0.000406 0.011925 
0.000423 1.000000 0.000041 0.104981 
0.000406 -0.000041 1.000000 -0.052168 
0.000000 0.000000 0.000000 1.000000 
1.000000 -0.000603 -0.000115 0.004087 
0.000603 1.000000 -0.000112 0.069254 
0.000115 0.000112 1.000000 -0.037328 
0.000000 0.000000 0.000000 1.000000 
1.000000 -0.000512 -0.000261 0.007978 
0.000512 1.000000 0.000367 0.003581 
0.000261 -0.000367 1.000000 -0.027975 
0.000000 0.000000 0.000000 1.000000 
1.000000 -0.000512 -0.000343 0.021970 
0.000512 1.000000 0.000510 0.032863 
0.000342 -0.000510 1.000000 -0.031648 
0.000000 0.000000 0.000000 1.000000 
1.000000 -0.000512 -0.000094 -0.005739 
0.000512 1.000000 0.000015 0.116373 
0.000094 -0.000015 1.000000 0.009332 
0.000000 0.000000 0.000000 1.000000 
1.000000 -0.000512 -0.000078 -0.007040 
0.000512 1.000000 -0.000112 0.036031 
0.000078 0.000112 1.000000 -0.000393 
0.000000 0.000000 0.000000 1.000000 
1.000000 -0.000512 -0.000485 0.026242 
0.000512 1.000000 0.000148 0.035501 
0.000485 -0.000149 1.000000 0.002743 
0.000000 0.000000 0.000000 1.000000 
1.000000 -0.000447 -0.000387 0.012505 
0.000448 1.000000 0.000150 0.067851 
0.000387 -0.000150 1.000000 -0.007361 
0.000000 0.000000 0.000000 1.000000 
1.000000 -0.000659 -0.000287 0.004548 
0.000659 1.000000 -0.000031 0.094364 
0.000287 0.000031 1.000000 0.005049 
0.000000 0.000000 0.000000 1.000000 
1.000000 -0.000512 0.000010 -0.030421 
0.000512 1.000000 -0.000306 0.123594 
-0.000010 0.000306 1.000000 0.017751 
0.000000 0.000000 0.000000 1.000000 
1.000000 -0.000512 -0.000423 0.004944 
0.000512 1.000000 -0.000028 0.062233 
0.000423 0.000028 1.000000 -0.025021 
0.000000 0.000000 0.000000 1.000000 
1.000000 -0.000512 -0.000447 0.006985 
0.000512 1.000000 -0.000112 0.084382 
0.000447 0.000112 1.000000 -0.037833 
0.000000 0.000000 0.000000 1.000000 
1.000000 -0.000512 -0.000600 0.002544 
0.000511 1.000000 -0.000500 0.146828 
0.000601 0.000500 1.000000 -0.052765 
0.000000 0.000000 0.000000 1.000000 
1.000000 -0.000512 -0.000184 -0.016092 
0.000512 1.000000 -0.000112 0.086067 
0.000184 0.000112 1.000000 -0.008542 
0.000000 0.000000 0.000000 1.000000 
1.000000 -0.000512 -0.000083 -0.033482 
0.000512 1.000000 -0.000362 0.174345 
0.000083 0.000362 1.000000 -0.036402 
0.000000 0.000000 0.000000 1.000000 
1.000000 -0.000324 -0.000357 -0.023144 
0.000324 1.000000 0.000127 0.063579 
0.000357 -0.000127 1.000000 -0.004175 
0.000000 0.000000 0.000000 1.000000 
1.000000 -0.000512 -0.000188 -0.021944 
0.000512 1.000000 0.000220 0.056908 
0.000188 -0.000221 1.000000 0.028967 
0.000000 0.000000 0.000000 1.000000 
1.000000 -0.000512 0.000062 -0.051587 
0.000512 0.999999 0.001097 0.014842 
-0.000062 -0.001096 0.999999 0.123067 
0.000000 0.000000 0.000000 1.000000 
1.000000 -0.000512 -0.000188 -0.041759 
0.000512 1.000000 0.000285 0.109890 
0.000188 -0.000285 1.000000 0.069062 
0.000000 0.000000 0.000000 1.000000 
1.000000 -0.000512 -0.000188 -0.051526 
0.000512 1.000000 -0.000074 0.098135 
0.000188 0.000074 1.000000 0.033881 
0.000000 0.000000 0.000000 1.000000 
1.000000 -0.000512 -0.000188 -0.055921 
0.000511 0.999999 -0.000931 0.130860 
0.000189 0.000931 1.000000 0.017013 
0.000000 0.000000 0.000000 1.000000 
1.000000 -0.000430 -0.000188 -0.063702 
0.000430 1.000000 -0.000196 0.121522 
0.000188 0.000196 1.000000 0.114102 
0.000000 0.000000 0.000000 1.000000 
1.000000 -0.000512 -0.000447 -0.003504 
0.000511 0.999999 -0.001068 0.226825 
0.000448 0.001068 0.999999 0.063179 
0.000000 0.000000 0.000000 1.000000 
1.000000 -0.000190 -0.000119 0.005294 
0.000190 0.999996 -0.002664 0.409647 
0.000120 0.002664 0.999996 0.150033 
0.000000 0.000000 0.000000 1.000000 
1.000000 -0.000138 -0.000188 -0.010938 
0.000137 0.999996 -0.002670 0.332592 
0.000189 0.002670 0.999996 0.153004 
0.000000 0.000000 0.000000 1.000000 
1.000000 -0.000167 -0.000076 -0.019916 
0.000166 0.999996 -0.002729 0.330762 
0.000077 0.002729 0.999996 0.160217 
0.000000 0.000000 0.000000 1.000000 
1.000000 -0.000193 -0.000188 -0.012707 
0.000193 0.999997 -0.002304 0.306952 
0.000189 0.002303 0.999997 0.198282 
0.000000 0.000000 0.000000 1.000000 
1.000000 -0.000007 -0.000366 -0.008120 
0.000006 0.999998 -0.002065 0.292347 
0.000366 0.002065 0.999998 0.184429 
0.000000 0.000000 0.000000 1.000000 
1.000000 0.000103 -0.000188 -0.044052 
-0.000103 0.999998 -0.001749 0.286517 
0.000188 0.001749 0.999998 0.224652 
0.000000 0.000000 0.000000 1.000000 
1.000000 -0.000107 -0.000499 -0.005636 
0.000106 0.999999 -0.001552 0.265270 
0.000499 0.001552 0.999999 0.189613 
0.000000 0.000000 0.000000 1.000000 
1.000000 -0.000361 -0.000357 0.002568 
0.000360 0.999998 -0.001850 0.294787 
0.000358 0.001850 0.999998 0.220744 
0.000000 0.000000 0.000000 1.000000 
1.000000 -0.000228 -0.000188 -0.033015 
0.000228 0.999998 -0.002025 0.291975 
0.000189 0.002025 0.999998 0.200059 
0.000000 0.000000 0.000000 1.000000 
1.000000 0.000056 -0.000188 -0.037602 
-0.000056 0.999998 -0.001878 0.277068 
0.000188 0.001878 0.999998 0.205703 
0.000000 0.000000 0.000000 1.000000 
1.000000 0.000403 -0.000654 0.015716 
-0.000405 0.999998 -0.001801 0.292791 
0.000653 0.001802 0.999998 0.178635 
0.000000 0.000000 0.000000 1.000000 
1.000000 0.000298 -0.000523 0.023461 
-0.000299 0.999997 -0.002280 0.329609 
0.000522 0.002280 0.999997 0.144832 
0.000000 0.000000 0.000000 1.000000 
1.000000 0.000176 -0.000188 -0.048254 
-0.000177 0.999997 -0.002407 0.461126 
0.000188 0.002407 0.999997 0.213391 
0.000000 0.000000 0.000000 1.000000 
1.000000 0.000051 -0.000758 -0.012138 
-0.000052 0.999998 -0.001995 0.220711 
0.000758 0.001995 0.999998 0.232096 
0.000000 0.000000 0.000000 1.000000 
0.999999 -0.000228 -0.001052 0.013685 
0.000226 0.999999 -0.001584 0.276273 
0.001052 0.001584 0.999998 0.224138 
0.000000 0.000000 0.000000 1.000000 
1.000000 -0.000250 -0.000980 -0.007929 
0.000249 0.999999 -0.001250 0.283746 
0.000981 0.001250 0.999999 0.300831 
0.000000 0.000000 0.000000 1.000000 
1.000000 -0.000250 -0.000668 -0.033286 
0.000249 0.999998 -0.001887 0.298675 
0.000669 0.001887 0.999998 0.277542 
0.000000 0.000000 0.000000 1.000000 
1.000000 -0.000250 -0.000868 -0.017023 
0.000248 0.999997 -0.002482 0.316040 
0.000869 0.002482 0.999997 0.199094 
0.000000 0.000000 0.000000 1.000000 
0.999999 -0.000250 -0.001006 -0.005847 
0.000248 0.999998 -0.001994 0.267615 
0.001007 0.001994 0.999998 0.224699 
0.000000 0.000000 0.000000 1.000000 
0.999999 -0.000250 -0.001042 -0.002939 
0.000249 0.999998 -0.001819 0.285886 
0.001042 0.001819 0.999998 0.229819 
0.000000 0.000000 0.000000 1.000000 
0.999999 -0.000250 -0.001047 -0.018634 
0.000249 0.999998 -0.001887 0.315232 
0.001047 0.001887 0.999998 0.250580 
0.000000 0.000000 0.000000 1.000000 
1.000000 -0.000119 -0.000706 -0.058021 
0.000118 0.999998 -0.001994 0.318395 
0.000706 0.001994 0.999998 0.258992 
0.000000 0.000000 0.000000 1.000000 
1.000000 -0.000167 -0.000903 -0.034394 
0.000165 0.999999 -0.001670 0.276062 
0.000903 0.001670 0.999998 0.263401 
0.000000 0.000000 0.000000 1.000000 
1.000000 -0.000158 -0.000782 -0.037942 
0.000157 0.999999 -0.001443 0.266523 
0.000782 0.001443 0.999999 0.296913 
0.000000 0.000000 0.000000 1.000000 
1.000000 -0.000324 -0.000714 -0.039101 
0.000323 0.999998 -0.001744 0.315635 
0.000715 0.001744 0.999998 0.309504 
0.000000 0.000000 0.000000 1.000000 
1.000000 -0.000250 -0.000707 -0.046246 
0.000249 0.999998 -0.002114 0.331633 
0.000708 0.002114 0.999998 0.262061 
0.000000 0.000000 0.000000 1.000000 
1.000000 -0.000250 -0.000892 -0.031216 
0.000249 0.999998 -0.002076 0.316412 
0.000893 0.002076 0.999997 0.219352 
0.000000 0.000000 0.000000 1.000000 
0.999999 -0.000020 -0.001075 -0.036860 
0.000017 0.999998 -0.001994 0.307309 
0.001075 0.001994 0.999997 0.236389 
0.000000 0.000000 0.000000 1.000000 
1.000000 -0.000250 -0.000806 -0.038200 
0.000249 0.999998 -0.001784 0.325477 
0.000807 0.001783 0.999998 0.299081 
0.000000 0.000000 0.000000 1.000000 
1.000000 -0.000250 -0.000798 -0.038900 
0.000249 0.999998 -0.002099 0.340396 
0.000798 0.002098 0.999997 0.262785 
0.000000 0.000000 0.000000 1.000000 
1.000000 -0.000250 -0.000825 -0.040908 
0.000249 0.999998 -0.001994 0.298498 
0.000826 0.001994 0.999998 0.262170 
0.000000 0.000000 0.000000 1.000000 
0.999999 -0.000200 -0.001129 -0.016505 
0.000198 0.999999 -0.001577 0.283434 
0.001129 0.001576 0.999998 0.276304 
0.000000 0.000000 0.000000 1.000000 
0.999999 -0.000313 -0.001060 -0.036569 
0.000311 0.999999 -0.001552 0.306008 
0.001061 0.001552 0.999998 0.295371 
0.000000 0.000000 0.000000 1.000000 
1.000000 -0.000336 -0.000763 -0.058564 
0.000335 0.999998 -0.001994 0.353987 
0.000764 0.001994 0.999998 0.293807 
0.000000 0.000000 0.000000 1.000000 
0.999999 -0.000250 -0.001129 -0.036509 
0.000248 0.999998 -0.001994 0.278799 
0.001129 0.001994 0.999997 0.241555 
0.000000 0.000000 0.000000 1.000000 
0.999999 -0.000250 -0.001129 -0.036513 
0.000249 0.999999 -0.001588 0.284924 
0.001129 0.001588 0.999998 0.282937 
0.000000 0.000000 0.000000 1.000000 
1.000000 -0.000250 -0.001045 -0.043324 
0.000249 0.999999 -0.001183 0.285678 
0.001045 0.001183 0.999999 0.344469 
0.000000 0.000000 0.000000 1.000000 
0.999999 -0.000325 -0.001129 -0.032547 
0.000323 0.999999 -0.001144 0.259310 
0.001129 0.001144 0.999999 0.356894 
0.000000 0.000000 0.000000 1.000000 
0.999999 -0.000426 -0.001129 -0.039355 
0.000425 0.999999 -0.001151 0.255492 
0.001129 0.001150 0.999999 0.367095 
0.000000 0.000000 0.000000 1.000000 
0.999999 -0.000664 -0.001129 -0.024452 
0.000662 0.999998 -0.001744 0.303160 
0.001130 0.001743 0.999998 0.323323 
0.000000 0.000000 0.000000 1.000000 
0.999998 0.000008 -0.001738 0.082774 
-0.000019 0.999981 -0.006155 0.607146 
0.001738 0.006155 0.999980 0.177592 
0.000000 0.000000 0.000000 1.000000 
0.999997 -0.000250 -0.002223 0.083867 
0.000238 0.999985 -0.005531 0.544189 
0.002225 0.005530 0.999982 0.144423 
0.000000 0.000000 0.000000 1.000000 
0.999997 -0.000250 -0.002474 0.091197 
0.000238 0.999986 -0.005227 0.564914 
0.002476 0.005226 0.999983 0.103276 
0.000000 0.000000 0.000000 1.000000 
0.999997 -0.000250 -0.002429 0.099577 
0.000238 0.999986 -0.005207 0.483814 
0.002430 0.005207 0.999984 0.131520 
0.000000 0.000000 0.000000 1.000000 
0.999997 -0.000303 -0.002535 0.087386 
0.000292 0.999991 -0.004144 0.471716 
0.002537 0.004143 0.999988 0.169336 
0.000000 0.000000 0.000000 1.000000 
0.999997 -0.000625 -0.002417 0.097175 
0.000618 0.999995 -0.002997 0.380929 
0.002419 0.002995 0.999993 0.245578 
0.000000 0.000000 0.000000 1.000000 
0.999997 -0.000660 -0.002488 0.101330 
0.000649 0.999990 -0.004498 0.490888 
0.002491 0.004496 0.999987 0.164634 
0.000000 0.000000 0.000000 1.000000 
0.999997 -0.000588 -0.002167 0.068905 
0.000579 0.999992 -0.004061 0.431969 
0.002170 0.004060 0.999989 0.194919 
0.000000 0.000000 0.000000 1.000000 
0.999997 -0.000630 -0.002335 0.086232 
0.000623 0.999995 -0.003205 0.369589 
0.002337 0.003203 0.999992 0.206536 
0.000000 0.000000 0.000000 1.000000 
0.999998 -0.000449 -0.001734 0.018533 
0.000445 0.999997 -0.002182 0.315325 
0.001735 0.002181 0.999996 0.349795 
0.000000 0.000000 0.000000 1.000000 
0.999998 -0.000696 -0.001623 0.014037 
0.000693 0.999998 -0.002055 0.320243 
0.001625 0.002054 0.999997 0.334866 
0.000000 0.000000 0.000000 1.000000 
0.999998 -0.000817 -0.001620 0.012094 
0.000813 0.999998 -0.002081 0.314151 
0.001621 0.002080 0.999997 0.332899 
0.000000 0.000000 0.000000 1.000000 
0.999998 -0.000817 -0.001687 0.017530 
0.000813 0.999997 -0.002169 0.289981 
0.001688 0.002168 0.999996 0.327307 
0.000000 0.000000 0.000000 1.000000 
0.999998 -0.000817 -0.001552 0.003865 
0.000814 0.999998 -0.001975 0.280510 
0.001553 0.001974 0.999997 0.348963 
0.000000 0.000000 0.000000 1.000000 
0.999998 -0.000547 -0.001760 0.014509 
0.000544 0.999998 -0.001897 0.300580 
0.001761 0.001896 0.999997 0.322764 
0.000000 0.000000 0.000000 1.000000 
0.999998 -0.000260 -0.002134 0.112390 
0.000254 0.999997 -0.002586 0.378774 
0.002134 0.002585 0.999994 0.257808 
0.000000 0.000000 0.000000 1.000000 
0.999999 -0.000536 -0.001593 0.085053 
0.000532 0.999997 -0.002553 0.361210 
0.001594 0.002552 0.999996 0.342730 
0.000000 0.000000 0.000000 1.000000 
0.999996 -0.000514 -0.002623 0.140105 
0.000502 0.999990 -0.004540 0.520952 
0.002625 0.004538 0.999986 0.141056 
0.000000 0.000000 0.000000 1.000000 
